1 00 549:48:08 14645 1 0 edde 0
2 18 609:34:25 14848 1 1 edde 0
3 27 725:13:52 16527 1 2 edde 0
4 138 435:33:41 17276 1 3 cnms 1
5 07 200:26:01 17320 1 4 edde 0
6 78 84:34:10 17338 1 5 edde 0
7 54 7:48:11 17405 1 6 bsd 2
8 12 175:42:06 17472 1 7 cnms 1
9 16 175:42:39 17473 1 8 cnms 1
10 19 175:45:34 17474 1 9 cnms 1
11 09 23:01:00 17479 8 0 ccsi 3
19 02 9:52:38 17937 8 1 bsd 2
27 04 10:57:54 18069 1 2 edde 0
28 08 13:37:01 18081 2 3 edde 0
30 115 8:16:48 18083 1 4 edde 0
31 03 17:05:13 18109 8 5 sns 4
39 15 19:59:01 18116 4 6 sns 4
43 57 117:48:34 18120 16 7 sns 4
59 32 20:42:54 18122 12 8 bsd 2
71 05 21:09:45 18130 4 9 bsd 2
75 83 45:47:58 18132 2 0 edde 0
77 85 45:47:58 18133 2 1 edde 0
